{
    "aabb": [
        [
            -1.0,
            0.0,
            -4.0
        ],
        [
            3.0,
            3.0,
            4.0
        ]
    ],
    "camera": {
        "center_of_pixel": [
            556.3151689092805,
            969.9864061119839
        ],
        "distortions": [
            0.051826947482386115,
            -0.07074044740175574,
            -0.00825597565237923
        ],
        "focal_length": 1376.4725111730402,
        "image_size": [
            1080,
            1920
        ],
        "type": "perspective"
    },
    "images": [
        {
            "file": "0001.jpg",
            "tm": [
                [
                    0.31054371533066716,
                    -0.02343305337097212,
                    -0.9502702209784009,
                    -1.7517496287526189
                ],
                [
                    -0.9490943940979882,
                    -0.06311917544878017,
                    -0.30860298245875495,
                    0.6175426713829378
                ],
                [
                    -0.0527487626432896,
                    0.9977308563437233,
                    -0.04184144284346103,
                    -0.3662153275537442
                ],
                [
                    0.0,
                    0.0,
                    0.0,
                    1.0
                ]
            ]
        },
        {
            "file": "0002.jpg",
            "tm": [
                [
                    0.31200825234628504,
                    -0.019526434409115945,
                    -0.9498787126928803,
                    -1.771925159229346
                ],
                [
                    -0.9485341258229449,
                    -0.06340122866266287,
                    -0.31026326942351157,
                    0.6530701094507724
                ],
                [
                    -0.054165142085281094,
                    0.9977970748420399,
                    -0.03830319594433451,
                    -0.36903245024166503
                ],
                [
                    0.0,
                    0.0,
                    0.0,
                    1.0
                ]
            ]
        },
        {
            "file": "0003.jpg",
            "tm": [
                [
                    0.31191424604951734,
                    -0.017013290978876685,
                    -0.9499579206688207,
                    -1.7772582497017235
                ],
                [
                    -0.9485295502832018,
                    -0.0632266007222574,
                    -0.3103128891951719,
                    0.6965660358567316
                ],
                [
                    -0.0547831666747,
                    0.9978541701527215,
                    -0.035858886735587944,
                    -0.37471442754758083
                ],
                [
                    0.0,
                    0.0,
                    0.0,
                    1.0
                ]
            ]
        },
        {
            "file": "0004.jpg",
            "tm": [
                [
                    0.30766879363931965,
                    -0.012040587774973691,
                    -0.9514173309681503,
                    -1.7712778882256743
                ],
                [
                    -0.9497652106454018,
                    -0.06412704872147243,
                    -0.30632297705194994,
                    0.7358615456570899
                ],
                [
                    -0.05732327684476257,
                    0.9978691025722297,
                    -0.031165623104177632,
                    -0.3545831446460028
                ],
                [
                    0.0,
                    0.0,
                    0.0,
                    1.0
                ]
            ]
        },
        {
            "file": "0006.jpg",
            "tm": [
                [
                    0.3322734290366962,
                    0.009230204256967908,
                    -0.9431379388432903,
                    -1.7411521556003509
                ],
                [
                    -0.9406785004072733,
                    -0.06958138244207701,
                    -0.33208792523814046,
                    0.6319938234727578
                ],
                [
                    -0.06869008099950795,
                    0.9975335756488721,
                    -0.014437389842245293,
                    -0.3211335889228905
                ],
                [
                    0.0,
                    0.0,
                    0.0,
                    1.0
                ]
            ]
        },
        {
            "file": "0007.jpg",
            "tm": [
                [
                    0.3824230570995901,
                    0.01554522074718159,
                    -0.923856564359709,
                    -1.6378585737056537
                ],
                [
                    -0.9215226651851658,
                    -0.06656437976397919,
                    -0.3825769999577413,
                    0.508843415868291
                ],
                [
                    -0.06744318311462233,
                    0.9976610293373989,
                    -0.011130480349444508,
                    -0.3262950572438655
                ],
                [
                    0.0,
                    0.0,
                    0.0,
                    1.0
                ]
            ]
        },
        {
            "file": "0008.jpg",
            "tm": [
                [
                    0.45730235671982844,
                    0.013878940948087785,
                    -0.8892029743183782,
                    -1.518641945478979
                ],
                [
                    -0.8875406676722619,
                    -0.055941264460111974,
                    -0.4573206076249783,
                    0.28930600984875493
                ],
                [
                    -0.056090264452633244,
                    0.998337593166141,
                    -0.013263947559846657,
                    -0.27746542311107536
                ],
                [
                    0.0,
                    0.0,
                    0.0,
                    1.0
                ]
            ]
        },
        {
            "file": "0009.jpg",
            "tm": [
                [
                    0.522143188959687,
                    0.007288647138049275,
                    -0.8528266915651184,
                    -1.3960924697188029
                ],
                [
                    -0.8518495364867074,
                    -0.04415316537997446,
                    -0.5219222788637314,
                    0.10541362180171585
                ],
                [
                    -0.04145910527725544,
                    0.998998184988254,
                    -0.016845443888001875,
                    -0.23785772546859302
                ],
                [
                    0.0,
                    0.0,
                    0.0,
                    1.0
                ]
            ]
        },
        {
            "file": "0012.jpg",
            "tm": [
                [
                    0.6536567486542719,
                    0.05663766379360246,
                    -0.7546688213903692,
                    -0.9811305453395436
                ],
                [
                    -0.7552268945876377,
                    -0.015264172713209612,
                    -0.6552856954969293,
                    -0.3842657704683045
                ],
                [
                    -0.04863324614128897,
                    0.9982781075789372,
                    0.03279675743692722,
                    -0.22141972357704093
                ],
                [
                    0.0,
                    0.0,
                    0.0,
                    1.0
                ]
            ]
        },
        {
            "file": "0014.jpg",
            "tm": [
                [
                    0.7482096339289301,
                    0.06391076140570173,
                    -0.660376981937196,
                    -0.7181291541973767
                ],
                [
                    -0.6597192893077333,
                    -0.033913009294412995,
                    -0.7507465398627531,
                    -0.6381504508915552
                ],
                [
                    -0.07037615371157709,
                    0.9973792269629143,
                    0.0167891218240845,
                    -0.21133324087141092
                ],
                [
                    0.0,
                    0.0,
                    0.0,
                    1.0
                ]
            ]
        },
        {
            "file": "0018.jpg",
            "tm": [
                [
                    0.8607321796595959,
                    0.03812651799212187,
                    -0.5076282926751006,
                    -0.48484432335082844
                ],
                [
                    -0.5066192849747235,
                    -0.03333672636404278,
                    -0.8615251376292098,
                    -0.8551101251053719
                ],
                [
                    -0.049769619148041386,
                    0.9987166922111221,
                    -0.009378363862293345,
                    -0.18114470041122424
                ],
                [
                    0.0,
                    0.0,
                    0.0,
                    1.0
                ]
            ]
        },
        {
            "file": "0019.jpg",
            "tm": [
                [
                    0.8638853265696446,
                    0.031288681811609195,
                    -0.5027157854376074,
                    -0.5285105405317602
                ],
                [
                    -0.5027193971409455,
                    -0.008323514243116616,
                    -0.8644095828071835,
                    -0.7861077774787917
                ],
                [
                    -0.031230598391689297,
                    0.9994757313217447,
                    0.008538865437545153,
                    -0.15803791807333156
                ],
                [
                    0.0,
                    0.0,
                    0.0,
                    1.0
                ]
            ]
        },
        {
            "file": "0021.jpg",
            "tm": [
                [
                    0.9234581309622527,
                    0.032836940295849965,
                    -0.38229153235679925,
                    -0.04274113303702553
                ],
                [
                    -0.3823644357444367,
                    -0.004278035549145402,
                    -0.9240016973413407,
                    -0.936762275588774
                ],
                [
                    -0.0319768453344213,
                    0.9994515664922674,
                    0.00860509143539254,
                    -0.200262415859976
                ],
                [
                    0.0,
                    0.0,
                    0.0,
                    1.0
                ]
            ]
        },
        {
            "file": "0022.jpg",
            "tm": [
                [
                    0.9643321440839874,
                    0.014922288206767815,
                    -0.26427417808225956,
                    0.12575386691105817
                ],
                [
                    -0.2634381306610535,
                    -0.04307951623851783,
                    -0.9637139132514716,
                    -1.009357852927537
                ],
                [
                    -0.025765620508526148,
                    0.9989601997053383,
                    -0.03761186255001446,
                    -0.16707079912767198
                ],
                [
                    0.0,
                    0.0,
                    0.0,
                    1.0
                ]
            ]
        },
        {
            "file": "0025.jpg",
            "tm": [
                [
                    0.9926250461189308,
                    0.03840848111130075,
                    -0.11497959121562976,
                    0.5409310276391983
                ],
                [
                    -0.11103880867982055,
                    -0.09249682684082104,
                    -0.9895022587095723,
                    -1.1124600247953187
                ],
                [
                    -0.04864052615213653,
                    0.9949719220174518,
                    -0.08754983502292452,
                    -0.19408105752915095
                ],
                [
                    0.0,
                    0.0,
                    0.0,
                    1.0
                ]
            ]
        },
        {
            "file": "0026.jpg",
            "tm": [
                [
                    0.9977437633178111,
                    0.0297582107491646,
                    -0.06018165545596137,
                    0.6491324588546208
                ],
                [
                    -0.05687802984761714,
                    -0.10157683252658367,
                    -0.9932004011348968,
                    -1.0858785562074533
                ],
                [
                    -0.03566892879054982,
                    0.9943825199523948,
                    -0.09965506275177397,
                    -0.22260314229285263
                ],
                [
                    0.0,
                    0.0,
                    0.0,
                    1.0
                ]
            ]
        },
        {
            "file": "0027.jpg",
            "tm": [
                [
                    0.9999886527437847,
                    -0.0037745177895780607,
                    -0.0029064409724880932,
                    0.7164985860451771
                ],
                [
                    -0.003310501069547805,
                    -0.11187795379495072,
                    -0.9937164404584053,
                    -1.059872847462647
                ],
                [
                    0.003425633713478664,
                    0.993714786279298,
                    -0.1118891798323236,
                    -0.23844050146317491
                ],
                [
                    0.0,
                    0.0,
                    0.0,
                    1.0
                ]
            ]
        },
        {
            "file": "0029.jpg",
            "tm": [
                [
                    0.9987634334964521,
                    -0.02815140774839497,
                    0.04097684897794797,
                    0.9553118433218405
                ],
                [
                    0.03669945571658917,
                    -0.13852994002546737,
                    -0.9896780313145516,
                    -1.1078629713605428
                ],
                [
                    0.03353735023051251,
                    0.9899580566662024,
                    -0.13732549719987153,
                    -0.2543395420484573
                ],
                [
                    0.0,
                    0.0,
                    0.0,
                    1.0
                ]
            ]
        },
        {
            "file": "0030.jpg",
            "tm": [
                [
                    0.9952953114769205,
                    -0.029329683156008562,
                    0.09234182496587315,
                    1.0889058627977948
                ],
                [
                    0.08735711358740703,
                    -0.14055514172289035,
                    -0.9862114311043728,
                    -1.056632779360928
                ],
                [
                    0.04190438709415366,
                    0.9896383287955385,
                    -0.13733171709782477,
                    -0.2591843705287764
                ],
                [
                    0.0,
                    0.0,
                    0.0,
                    1.0
                ]
            ]
        },
        {
            "file": "0031.jpg",
            "tm": [
                [
                    0.9917076263461085,
                    -0.029814611646956996,
                    0.12500829084228166,
                    1.1768357741793658
                ],
                [
                    0.11952893498696152,
                    -0.14334771356097892,
                    -0.9824277412195374,
                    -1.0249786783168595
                ],
                [
                    0.04721035424406461,
                    0.9892231911703145,
                    -0.13859531198048966,
                    -0.23451560711823777
                ],
                [
                    0.0,
                    0.0,
                    0.0,
                    1.0
                ]
            ]
        },
        {
            "file": "0033.jpg",
            "tm": [
                [
                    0.9914327314012137,
                    -0.012858673860887078,
                    0.1299838205811334,
                    1.3830292753878128
                ],
                [
                    0.12555082078686247,
                    -0.18068408549383297,
                    -0.9754948757676805,
                    -0.9237635438867408
                ],
                [
                    0.03602957821115971,
                    0.9834571245132127,
                    -0.17752169934441628,
                    -0.27386006830031023
                ],
                [
                    0.0,
                    0.0,
                    0.0,
                    1.0
                ]
            ]
        },
        {
            "file": "0034.jpg",
            "tm": [
                [
                    0.9953796305647401,
                    -0.03190409568624047,
                    0.09056224232672688,
                    1.3506461729160855
                ],
                [
                    0.07777196122914264,
                    -0.2852529005999024,
                    -0.9552917380287108,
                    -0.8498520638564626
                ],
                [
                    0.056310861326873046,
                    0.9579211404796251,
                    -0.2814536827238902,
                    -0.4378752981057753
                ],
                [
                    0.0,
                    0.0,
                    0.0,
                    1.0
                ]
            ]
        },
        {
            "file": "0035.jpg",
            "tm": [
                [
                    0.9949899414657779,
                    -0.09597462059132064,
                    0.02799801036288365,
                    1.292668671714887
                ],
                [
                    -0.0030350487762291663,
                    -0.30891809687003646,
                    -0.9510838017257579,
                    -0.7402834742531588
                ],
                [
                    0.09992899909863001,
                    0.9462338408810724,
                    -0.30766168677721184,
                    -0.5901268752895876
                ],
                [
                    0.0,
                    0.0,
                    0.0,
                    1.0
                ]
            ]
        },
        {
            "file": "0039.jpg",
            "tm": [
                [
                    0.9468885807010189,
                    -0.2661609943992626,
                    -0.18044484142919043,
                    1.0375627929102442
                ],
                [
                    -0.24724858574528347,
                    -0.24384289978945897,
                    -0.9377679761376079,
                    -0.3826404426574685
                ],
                [
                    0.20559706365842678,
                    0.9325765198002058,
                    -0.2966999867414376,
                    -1.108168673238324
                ],
                [
                    0.0,
                    0.0,
                    0.0,
                    1.0
                ]
            ]
        },
        {
            "file": "0042.jpg",
            "tm": [
                [
                    0.8571091106785713,
                    -0.41854498147712893,
                    -0.3003066280855257,
                    0.5908789558739017
                ],
                [
                    -0.4125249375536254,
                    -0.20853177801119155,
                    -0.8867568288182891,
                    -0.17209998005840615
                ],
                [
                    0.30852414538924816,
                    0.8839313299345153,
                    -0.3513947291466296,
                    -1.21285475562815
                ],
                [
                    0.0,
                    0.0,
                    0.0,
                    1.0
                ]
            ]
        },
        {
            "file": "0044.jpg",
            "tm": [
                [
                    0.7860916661785025,
                    -0.4844448653382723,
                    -0.38389199628552956,
                    0.34632222795065604
                ],
                [
                    -0.4816231452747428,
                    -0.0907737023494184,
                    -0.8716646608056582,
                    0.019097075881745154
                ],
                [
                    0.3874261714189812,
                    0.8700995962584757,
                    -0.3046763106814637,
                    -1.243097006460955
                ],
                [
                    0.0,
                    0.0,
                    0.0,
                    1.0
                ]
            ]
        },
        {
            "file": "0045.jpg",
            "tm": [
                [
                    0.7316070117865232,
                    -0.5099647622505976,
                    -0.45242360854345964,
                    0.2045039196026675
                ],
                [
                    -0.5448734928716441,
                    -0.038570023923205916,
                    -0.837630724138279,
                    0.13721781954082715
                ],
                [
                    0.409712163684029,
                    0.8593301429120561,
                    -0.30608438119593206,
                    -1.2228997819110758
                ],
                [
                    0.0,
                    0.0,
                    0.0,
                    1.0
                ]
            ]
        },
        {
            "file": "0046.jpg",
            "tm": [
                [
                    0.6536241885482235,
                    -0.5179396914095777,
                    -0.5518277776691094,
                    0.07947459230273436
                ],
                [
                    -0.633966842842175,
                    0.023531673508358372,
                    -0.7730021361669198,
                    0.25085870274521804
                ],
                [
                    0.4133539189621912,
                    0.8550934079996451,
                    -0.3129757199434978,
                    -1.1861988863638815
                ],
                [
                    0.0,
                    0.0,
                    0.0,
                    1.0
                ]
            ]
        },
        {
            "file": "0049.jpg",
            "tm": [
                [
                    0.5760061395979691,
                    -0.45112765218973117,
                    -0.6816896424145125,
                    -0.24346652644981023
                ],
                [
                    -0.7516148096166364,
                    0.0355872559700917,
                    -0.6586415756520891,
                    0.5663127811372941
                ],
                [
                    0.3213908914552377,
                    0.8917496221711003,
                    -0.31857574648316767,
                    -1.1474881452667651
                ],
                [
                    0.0,
                    0.0,
                    0.0,
                    1.0
                ]
            ]
        },
        {
            "file": "0052.jpg",
            "tm": [
                [
                    0.4770388583978027,
                    -0.3112562442363981,
                    -0.8219206032229469,
                    -0.4862345605180185
                ],
                [
                    -0.8678656760554272,
                    -0.01921904213619957,
                    -0.4964270306341339,
                    0.8811832347432348
                ],
                [
                    0.13871948638665546,
                    0.9501316639514856,
                    -0.2792968407508467,
                    -1.018284901379106
                ],
                [
                    0.0,
                    0.0,
                    0.0,
                    1.0
                ]
            ]
        },
        {
            "file": "0054.jpg",
            "tm": [
                [
                    0.33720849734854247,
                    -0.27380756864305256,
                    -0.9007329485867152,
                    -0.7023633562329028
                ],
                [
                    -0.9408950897458925,
                    -0.06577061642661669,
                    -0.33225089331246604,
                    1.252618184022532
                ],
                [
                    0.03173104801305629,
                    0.9595330329741873,
                    -0.27980260760641634,
                    -0.9005944774408613
                ],
                [
                    0.0,
                    0.0,
                    0.0,
                    1.0
                ]
            ]
        },
        {
            "file": "0072.jpg",
            "tm": [
                [
                    0.26294107474234146,
                    0.42198289932135347,
                    -0.8676361126034848,
                    -0.7397094715041006
                ],
                [
                    -0.959486691202385,
                    0.2087218370102903,
                    -0.18926300261950085,
                    1.2027111353702984
                ],
                [
                    0.10122885269942455,
                    0.8822503201673516,
                    0.45976851995951606,
                    1.3278493158468931
                ],
                [
                    0.0,
                    0.0,
                    0.0,
                    1.0
                ]
            ]
        },
        {
            "file": "0073.jpg",
            "tm": [
                [
                    0.28266809590885156,
                    0.4235130813020608,
                    -0.8606598733072772,
                    -0.6969451244417819
                ],
                [
                    -0.953927286650193,
                    0.21822144200874743,
                    -0.2059177846418893,
                    1.1535137745169144
                ],
                [
                    0.1006055631635992,
                    0.8792133257712016,
                    0.4656849240064339,
                    1.3404622868574267
                ],
                [
                    0.0,
                    0.0,
                    0.0,
                    1.0
                ]
            ]
        },
        {
            "file": "0074.jpg",
            "tm": [
                [
                    0.31754251019962854,
                    0.4204158104107234,
                    -0.8499513518859849,
                    -0.645913353710504
                ],
                [
                    -0.943397431111971,
                    0.23057592078751538,
                    -0.2384030866501592,
                    1.0844600079021258
                ],
                [
                    0.0957498887072599,
                    0.8775450365136163,
                    0.46983685221879223,
                    1.3355519787781356
                ],
                [
                    0.0,
                    0.0,
                    0.0,
                    1.0
                ]
            ]
        },
        {
            "file": "0076.jpg",
            "tm": [
                [
                    0.390997165892359,
                    0.38794700975326984,
                    -0.8346366478220564,
                    -0.6219904244558581
                ],
                [
                    -0.9151012092678277,
                    0.26095079100145857,
                    -0.3073995144307689,
                    0.8716841281256468
                ],
                [
                    0.09854437102494754,
                    0.8839693446603278,
                    0.4570417974759946,
                    1.3509525478150741
                ],
                [
                    0.0,
                    0.0,
                    0.0,
                    1.0
                ]
            ]
        },
        {
            "file": "0077.jpg",
            "tm": [
                [
                    0.4332045090236344,
                    0.3672452868539624,
                    -0.8230824701359778,
                    -0.6100806262407522
                ],
                [
                    -0.8948119440057638,
                    0.284587241690874,
                    -0.3439791952014045,
                    0.7744850943948435
                ],
                [
                    0.10791403164657414,
                    0.8855173635510096,
                    0.45189994536783396,
                    1.365373000356788
                ],
                [
                    0.0,
                    0.0,
                    0.0,
                    1.0
                ]
            ]
        },
        {
            "file": "0078.jpg",
            "tm": [
                [
                    0.4821275146412724,
                    0.34163008239560755,
                    -0.8067477588615912,
                    -0.6133275762994883
                ],
                [
                    -0.8674381391997352,
                    0.3153182543115495,
                    -0.3848707226584242,
                    0.669112533903724
                ],
                [
                    0.12289887830053728,
                    0.8853605397239519,
                    0.44836656924015006,
                    1.3725466563973103
                ],
                [
                    0.0,
                    0.0,
                    0.0,
                    1.0
                ]
            ]
        },
        {
            "file": "0081.jpg",
            "tm": [
                [
                    0.5896666962348038,
                    0.2967585320622965,
                    -0.7511508244019722,
                    -0.47222488046800276
                ],
                [
                    -0.7894383665643964,
                    0.40815385721485314,
                    -0.4584730027349211,
                    0.4044925202623233
                ],
                [
                    0.17052933104797338,
                    0.8633335406949437,
                    0.4749473073546817,
                    1.3573375008132533
                ],
                [
                    0.0,
                    0.0,
                    0.0,
                    1.0
                ]
            ]
        },
        {
            "file": "0084.jpg",
            "tm": [
                [
                    0.6971577913050274,
                    0.2499541396894942,
                    -0.671932989274065,
                    -0.34685964531790064
                ],
                [
                    -0.7053438786742157,
                    0.40687275959680613,
                    -0.5804692673302293,
                    0.35894807142488555
                ],
                [
                    0.12830053327835145,
                    0.8786224931961192,
                    0.4599581368019553,
                    1.445825492599104
                ],
                [
                    0.0,
                    0.0,
                    0.0,
                    1.0
                ]
            ]
        },
        {
            "file": "0085.jpg",
            "tm": [
                [
                    0.7545230438413784,
                    0.20759482835816784,
                    -0.6225747855087647,
                    -0.22320748017445596
                ],
                [
                    -0.6393126730317936,
                    0.4467838674533421,
                    -0.6258302340766044,
                    0.31141770771471483
                ],
                [
                    0.14823725042405606,
                    0.8702232834292458,
                    0.4698267282353553,
                    1.4591866384131744
                ],
                [
                    0.0,
                    0.0,
                    0.0,
                    1.0
                ]
            ]
        },
        {
            "file": "0089.jpg",
            "tm": [
                [
                    0.9134069949344438,
                    0.15699680476071323,
                    -0.3755524795547961,
                    0.23334618237812582
                ],
                [
                    -0.40613493152546487,
                    0.4132536201519436,
                    -0.8150312035904632,
                    0.17216743651758365
                ],
                [
                    0.0272411269890772,
                    0.8969801830175734,
                    0.44123063387997596,
                    1.4652090361966612
                ],
                [
                    0.0,
                    0.0,
                    0.0,
                    1.0
                ]
            ]
        },
        {
            "file": "0090.jpg",
            "tm": [
                [
                    0.9256348997390597,
                    0.1572908081452138,
                    -0.34417965375380144,
                    0.3123770199181317
                ],
                [
                    -0.37838800889012314,
                    0.3961260775822043,
                    -0.8366042346220258,
                    0.14178986809472785
                ],
                [
                    0.0047483800636880565,
                    0.9046235307200244,
                    0.4261850778176164,
                    1.4345542697759197
                ],
                [
                    0.0,
                    0.0,
                    0.0,
                    1.0
                ]
            ]
        },
        {
            "file": "0094.jpg",
            "tm": [
                [
                    0.9704551125317276,
                    0.17237437939692835,
                    -0.16883112239322456,
                    0.6969265972961837
                ],
                [
                    -0.21174978126006158,
                    0.2730070287802491,
                    -0.9384184527026824,
                    -0.031511819553979734
                ],
                [
                    -0.11566721530904181,
                    0.9464429383560872,
                    0.30144130396902763,
                    1.1767555540576475
                ],
                [
                    0.0,
                    0.0,
                    0.0,
                    1.0
                ]
            ]
        },
        {
            "file": "0097.jpg",
            "tm": [
                [
                    0.9677421804980002,
                    0.0813468791287071,
                    -0.238448647177952,
                    0.7998741493126611
                ],
                [
                    -0.2501469207205368,
                    0.19743957868603457,
                    -0.9478629282877955,
                    -0.04738356669717828
                ],
                [
                    -0.030026490620939917,
                    0.9769341318759932,
                    0.21141927971850139,
                    0.8487705683033193
                ],
                [
                    0.0,
                    0.0,
                    0.0,
                    1.0
                ]
            ]
        },
        {
            "file": "0103.jpg",
            "tm": [
                [
                    0.984944278373225,
                    -0.17024938420956212,
                    0.029998594568944353,
                    1.18245743768735
                ],
                [
                    0.006926392940712428,
                    -0.13452659265701594,
                    -0.9908857759343022,
                    -0.1674533967646464
                ],
                [
                    0.17273330188668845,
                    0.976175057581558,
                    -0.13132198359362363,
                    0.02045151892557569
                ],
                [
                    0.0,
                    0.0,
                    0.0,
                    1.0
                ]
            ]
        },
        {
            "file": "0105.jpg",
            "tm": [
                [
                    0.9723262394361682,
                    -0.13246392024303752,
                    0.19244478152905398,
                    1.4387531610299351
                ],
                [
                    0.16713108300008453,
                    -0.1811862086492606,
                    -0.9691433118432615,
                    -0.10426108762276375
                ],
                [
                    0.1632448627036636,
                    0.9744869766339377,
                    -0.15403326644497684,
                    -0.06849188414319828
                ],
                [
                    0.0,
                    0.0,
                    0.0,
                    1.0
                ]
            ]
        },
        {
            "file": "0107.jpg",
            "tm": [
                [
                    0.9597610651327324,
                    -0.10955203036957713,
                    0.25856730361201163,
                    1.659327433569298
                ],
                [
                    0.236892635614686,
                    -0.17859932015397795,
                    -0.9549786186256027,
                    -0.049805361429708504
                ],
                [
                    0.15079979126912132,
                    0.9778039862275261,
                    -0.1454606045317745,
                    -0.14134841176036297
                ],
                [
                    0.0,
                    0.0,
                    0.0,
                    1.0
                ]
            ]
        },
        {
            "file": "0108.jpg",
            "tm": [
                [
                    0.9533513864779388,
                    -0.11048058430671821,
                    0.28091844793789844,
                    1.6971457920699282
                ],
                [
                    0.2570657955842246,
                    -0.1906824846530114,
                    -0.9473950426232997,
                    -0.04240322232298304
                ],
                [
                    0.15823498551597648,
                    0.9754149017406901,
                    -0.15338663181959022,
                    -0.1735168036328274
                ],
                [
                    0.0,
                    0.0,
                    0.0,
                    1.0
                ]
